// Pizza MART 220 Week 1 Dean Klakken III
function setup() {
    createCanvas(400,400);
}
function draw(){ 
    background(50,100,100);
fill (200,200,100);
    circle(200,200,250);
fill (200,100,100); 
    circle(200,200,225);  
fill (200,50,50);
    circle (275,225,30);
    circle (175,200,30);
    circle (150,280,30);
    circle (150,160,30);
  circle (250,160,30);
  circle (250,260,30);
  circle (250,200,30);
  circle (150,125,30);
  circle (250,115,30);
  circle (125,225,30);
  circle (200,255,30);
 
  
  
  
  line(200,200,275,300);
  line(200,200,200,325);
  line(200,200,125,300);
  line(200,200,75,200);
  line(200,200,100,125);
  line(200,200,200,75);
  line(200,200,300,125);
  line(200,200,325,200);
  line(200,200,275,300);
  line(200,200,200,325);
  line(200,200,125,300);
  line(200,200,75,200);
  line(200,200,100,125);
  line(200,200,200,75);
  line(200,200,300,125);
  line(200,200,325,200);
  


    

}

